(
(0  -57 1 )
(0  -62 2 )
(0  -75 3 )
(0   71 4 )
(0  -22 5 )
(0  -23 6 )
(0  -76 7 )
(1  -14 0 )
(1   48 2 )
(1   89 3 )
(1   86 4 )
(1  -2 5 )
(1   27 6 )
(1   19 7 )
(2   37 0 )
(2   45 1 )
(2   24 3 )
(2   5 4 )
(2  -68 5 )
(2  -25 6 )
(2   30 7 )
(3  -51 0 )
(3   34 1 )
(3   99 2 )
(3   91 4 )
(3  -38 5 )
(3   60 6 )
(3  -63 7 )
(4   23 0 )
(4  -69 1 )
(4  -33 2 )
(4  -47 3 )
(4   75 5 )
(4   82 6 )
(4   13 7 )
(5   77 0 )
(5   27 1 )
(5  -87 2 )
(5   74 3 )
(5  -41 4 )
(5  -99 6 )
(5   26 7 )
(6  -63 0 )
(6  -51 1 )
(6  -60 2 )
(6   30 3 )
(6  -100 4 )
(6  -63 5 )
(6   57 7 )
(7  -71 0 )
(7  -28 1 )
(7  -10 2 )
(7   44 3 )
(7   22 4 )
(7   79 5 )
(7  -16 6 )
)